{
  "camera_angle_x": 1.0630358175571013,
  "camera_angle_y": 0.6388047514182981,
  "fl_x": 680.3208950637286,
  "fl_y": 680.3208950637286,
  "k1": -0.016664724584934044,
  "k2": 0,
  "p1": 0,
  "p2": 0,
  "cx": 400.0,
  "cy": 225.0,
  "w": 800.0,
  "h": 450.0,
  "aabb_scale": 16,
  "frames": [
    {
      "file_path": "./images/000",
      "sharpness": 690.8471186388888,
      "transform_matrix": [
        [
          0.8358180782626646,
          0.44832405741797243,
          0.3168811759427192,
          1.1426769214394195
        ],
        [
          -0.5487209404569748,
          0.6635681880509401,
          0.5085101663811729,
          1.5067835107497676
        ],
        [
          0.017705073282534383,
          -0.598901326918141,
          0.8006270861488521,
          2.321683979769608
        ],
        [
          0.0,
          0.0,
          0.0,
          1.0
        ]
      ]
    },
    {
      "file_path": "./images/001",
      "sharpness": 586.973996216659,
      "transform_matrix": [
        [
          0.8431687015151266,
          0.44213079634981733,
          0.3059197603647391,
          1.1834599740288452
        ],
        [
          -0.5371200450282193,
          0.6674542491517543,
          0.5157585506032396,
          1.4935711046779472
        ],
        [
          0.023845294747506376,
          -0.599187102869588,
          0.8002538458218154,
          2.3361135681561267
        ],
        [
          0.0,
          0.0,
          0.0,
          1.0
        ]
      ]
    },
    {
      "file_path": "./images/002",
      "sharpness": 608.2111078108334,
      "transform_matrix": [
        [
          0.848352354669401,
          0.3981894028773689,
          0.3489175860289864,
          1.217480080620422
        ],
        [
          -0.526434633952754,
          0.7044684308200652,
          0.47601555242990556,
          1.4711291030783094
        ],
        [
          -0.05625707573295998,
          -0.5875112164440142,
          0.8072581446240737,
          2.3144591731418998
        ],
        [
          0.0,
          0.0,
          0.0,
          1.0
        ]
      ]
    },
    {
      "file_path": "./images/003",
      "sharpness": 633.8180331435107,
      "transform_matrix": [
        [
          0.8583571685234695,
          0.32720764632848837,
          0.3951684798991323,
          1.2663179755410785
        ],
        [
          -0.49343603996113755,
          0.7374477264758035,
          0.46118513114078463,
          1.4688147088521073
        ],
        [
          -0.14051279579424295,
          -0.5908519331700188,
          0.7944495876811746,
          2.305858417197686
        ],
        [
          0.0,
          0.0,
          0.0,
          1.0
        ]
      ]
    },
    {
      "file_path": "./images/004",
      "sharpness": 648.8024498614506,
      "transform_matrix": [
        [
          0.8759300490808732,
          0.19716626559934097,
          0.44030899707368787,
          1.3232292975120947
        ],
        [
          -0.4286126604030246,
          0.7369696148972587,
          0.5226537803007182,
          1.4591064516786085
        ],
        [
          -0.22144465794592275,
          -0.646530162066253,
          0.730041788588331,
          2.28951406206301
        ],
        [
          0.0,
          0.0,
          0.0,
          1.0
        ]
      ]
    },
    {
      "file_path": "./images/005",
      "sharpness": 597.9297582203628,
      "transform_matrix": [
        [
          0.8785444183176057,
          0.14317785037533637,
          0.45569705757457557,
          1.4054968150961793
        ],
        [
          -0.40106325821201105,
          0.7392805148784825,
          0.5409367645442256,
          1.4866150365541397
        ],
        [
          -0.2594377922159098,
          -0.6580003218215998,
          0.7069141450927807,
          2.2701617384269026
        ],
        [
          0.0,
          0.0,
          0.0,
          1.0
        ]
      ]
    },
    {
      "file_path": "./images/006",
      "sharpness": 727.4705248332639,
      "transform_matrix": [
        [
          0.8691132622262555,
          0.0631901501253356,
          0.4905600293815441,
          1.4701665614779003
        ],
        [
          -0.36920579804012993,
          0.7428669733936535,
          0.5584225447962387,
          1.5213034479075
        ],
        [
          -0.32913403985552303,
          -0.6664500467429488,
          0.6689657084516036,
          2.2728875242486564
        ],
        [
          0.0,
          0.0,
          0.0,
          1.0
        ]
      ]
    },
    {
      "file_path": "./images/007",
      "sharpness": 596.3789873870293,
      "transform_matrix": [
        [
          0.8520423686703673,
          -0.030878565786077564,
          0.5225613038130866,
          1.5328411752382751
        ],
        [
          -0.3205226507892307,
          0.7584741083640462,
          0.5674348044265648,
          1.5581792196910265
        ],
        [
          -0.41387079191298004,
          -0.6509712291276638,
          0.6363547961073233,
          2.286110336793359
        ],
        [
          0.0,
          0.0,
          0.0,
          1.0
        ]
      ]
    },
    {
      "file_path": "./images/008",
      "sharpness": 642.8428566638194,
      "transform_matrix": [
        [
          0.8311708269271519,
          -0.12107245641719937,
          0.5426753328092111,
          1.5525430995417175
        ],
        [
          -0.2413493303705166,
          0.8007024319723107,
          0.5482938228409416,
          1.5877979331886143
        ],
        [
          -0.5009047387214478,
          -0.586700158311855,
          0.6362997462224026,
          2.283037895076472
        ],
        [
          0.0,
          0.0,
          0.0,
          1.0
        ]
      ]
    },
    {
      "file_path": "./images/009",
      "sharpness": 736.0181927108332,
      "transform_matrix": [
        [
          0.8176752588160282,
          -0.22476914756065805,
          0.529986793705508,
          1.5816604047550338
        ],
        [
          -0.13269745387819648,
          0.8222463138925057,
          0.5534459187911991,
          1.6264459975790508
        ],
        [
          -0.560177254923685,
          -0.5228669330020581,
          0.6425041739309075,
          2.2966642381173363
        ],
        [
          0.0,
          0.0,
          0.0,
          1.0
        ]
      ]
    },
    {
      "file_path": "./images/010",
      "sharpness": 681.0871437500001,
      "transform_matrix": [
        [
          0.7780177321407105,
          -0.3420228152788463,
          0.5269808368248377,
          1.603878822101074
        ],
        [
          -0.027906404579385122,
          0.819175284729767,
          0.5728639327742326,
          1.651349809405258
        ],
        [
          -0.627622212112272,
          -0.4604044382402336,
          0.6277882701926222,
          2.304910173293144
        ],
        [
          0.0,
          0.0,
          0.0,
          1.0
        ]
      ]
    },
    {
      "file_path": "./images/011",
      "sharpness": 653.1997287584878,
      "transform_matrix": [
        [
          0.7527319001259634,
          -0.3970908068991006,
          0.5250843529245812,
          1.5984162549900296
        ],
        [
          0.057454117350828,
          0.834185485509616,
          0.5484829989769304,
          1.6651048995514623
        ],
        [
          -0.6558153025120821,
          -0.3826923919746792,
          0.6507325273836683,
          2.3041977548509855
        ],
        [
          0.0,
          0.0,
          0.0,
          1.0
        ]
      ]
    },
    {
      "file_path": "./images/012",
      "sharpness": 740.0845386444137,
      "transform_matrix": [
        [
          0.6825583888673527,
          -0.5183130703936304,
          0.5152335459994616,
          1.6059208398611584
        ],
        [
          0.2080409967009744,
          0.8136285454469331,
          0.5428881410822831,
          1.6918803030270677
        ],
        [
          -0.7005947398816559,
          -0.26336315446880987,
          0.6631793568845793,
          2.307932665812425
        ],
        [
          0.0,
          0.0,
          0.0,
          1.0
        ]
      ]
    },
    {
      "file_path": "./images/013",
      "sharpness": 577.340141013264,
      "transform_matrix": [
        [
          0.6412654998513402,
          -0.5867363769052197,
          0.49448860734479516,
          1.6069725556618963
        ],
        [
          0.28758221052149563,
          0.7812409236421342,
          0.5540388898087919,
          1.7080199482583274
        ],
        [
          -0.7113895072035614,
          -0.21307989883240444,
          0.6697177956674722,
          2.306851845327314
        ],
        [
          0.0,
          0.0,
          0.0,
          1.0
        ]
      ]
    },
    {
      "file_path": "./images/014",
      "sharpness": 525.0446099969137,
      "transform_matrix": [
        [
          0.5822085782071799,
          -0.641532677986181,
          0.49946871234853246,
          1.6064953955554275
        ],
        [
          0.35738763609750773,
          0.7537258954474193,
          0.5515173180407167,
          1.7256954554803294
        ],
        [
          -0.7302788844612842,
          -0.14259417118221457,
          0.6681015292111604,
          2.31203218456479
        ],
        [
          0.0,
          0.0,
          0.0,
          1.0
        ]
      ]
    },
    {
      "file_path": "./images/015",
      "sharpness": 563.770250013264,
      "transform_matrix": [
        [
          0.556069100409734,
          -0.6771679204967654,
          0.48190327151498297,
          1.6281410357798909
        ],
        [
          0.42691173663541815,
          0.7301918667436716,
          0.5334474733903303,
          1.7667601439844351
        ],
        [
          -0.7131153656673914,
          -0.0909034941112555,
          0.6951280673997268,
          2.3371209054221254
        ],
        [
          0.0,
          0.0,
          0.0,
          1.0
        ]
      ]
    },
    {
      "file_path": "./images/016",
      "sharpness": 639.4783395688581,
      "transform_matrix": [
        [
          0.5236670761077344,
          -0.7224350531564128,
          0.4515090114814046,
          1.6327845095132258
        ],
        [
          0.48179976613036435,
          0.6882331932530954,
          0.5424058047841833,
          1.8020402680590601
        ],
        [
          -0.7025964551660037,
          -0.06650312571770302,
          0.7084741036462748,
          2.351203614468181
        ],
        [
          0.0,
          0.0,
          0.0,
          1.0
        ]
      ]
    },
    {
      "file_path": "./images/017",
      "sharpness": 706.4103275899998,
      "transform_matrix": [
        [
          0.43094762610475645,
          -0.7815599160512309,
          0.45105237085499955,
          1.6145839630307628
        ],
        [
          0.5873477380816993,
          0.6224156634471435,
          0.51732134739267,
          1.8432778200227116
        ],
        [
          -0.6850596894948462,
          0.041986183185886525,
          0.7272760014809767,
          2.376986838502724
        ],
        [
          0.0,
          0.0,
          0.0,
          1.0
        ]
      ]
    },
    {
      "file_path": "./images/018",
      "sharpness": 764.0714910415973,
      "transform_matrix": [
        [
          0.3488355123422985,
          -0.8187238507356547,
          0.4560756972726301,
          1.6105219850949772
        ],
        [
          0.6594417783094525,
          0.5602175206261503,
          0.50129120339954,
          1.8804068205274596
        ],
        [
          -0.6659206607310972,
          0.12588719508262097,
          0.7353244779042383,
          2.406537125350597
        ],
        [
          0.0,
          0.0,
          0.0,
          1.0
        ]
      ]
    },
    {
      "file_path": "./images/019",
      "sharpness": 899.761927424622,
      "transform_matrix": [
        [
          0.2389399255840998,
          -0.8608635570241432,
          0.44924564352573654,
          1.6265441289322606
        ],
        [
          0.6928784023269322,
          0.47528461480007944,
          0.5422398496287616,
          1.9264062569480567
        ],
        [
          -0.6803140683453957,
          0.1817098544194169,
          0.7100382365039665,
          2.437300487059029
        ],
        [
          0.0,
          0.0,
          0.0,
          1.0
        ]
      ]
    },
    {
      "file_path": "./images/020",
      "sharpness": 673.2006893915972,
      "transform_matrix": [
        [
          0.18284067966465017,
          -0.877097333214882,
          0.4441503731894853,
          1.6314928243335902
        ],
        [
          0.7052785701725803,
          0.43175800010581405,
          0.562287442330124,
          1.9451678872350795
        ],
        [
          -0.6849462930425114,
          0.2104407220221606,
          0.6975408792619724,
          2.441656113730915
        ],
        [
          0.0,
          0.0,
          0.0,
          1.0
        ]
      ]
    },
    {
      "file_path": "./images/021",
      "sharpness": 583.9239424999694,
      "transform_matrix": [
        [
          0.1829063353146493,
          -0.8673265918980656,
          0.46291452295807217,
          1.6298763151262958
        ],
        [
          0.7198148268998287,
          0.4388569874740125,
          0.5378393435986323,
          1.9566264797032653
        ],
        [
          -0.6696356378754437,
          0.23483851388681906,
          0.704584263918823,
          2.4492090759656855
        ],
        [
          0.0,
          0.0,
          0.0,
          1.0
        ]
      ]
    },
    {
      "file_path": "./images/022",
      "sharpness": 902.6029282271531,
      "transform_matrix": [
        [
          0.06760661145969195,
          -0.8813102242813954,
          0.4676768486265522,
          1.6064054066408844
        ],
        [
          0.7705457679123782,
          0.3438912401050694,
          0.536654483381556,
          1.989012280689349
        ],
        [
          -0.6337890545532313,
          0.32408502531370914,
          0.7023391849921131,
          2.48227140301513
        ],
        [
          0.0,
          0.0,
          0.0,
          1.0
        ]
      ]
    },
    {
      "file_path": "./images/023",
      "sharpness": 698.0452428238814,
      "transform_matrix": [
        [
          0.009423189004580734,
          -0.8842289788189898,
          0.4669585812499416,
          1.6304619962515199
        ],
        [
          0.7472419482168619,
          0.3165414186059249,
          0.5843209744089469,
          1.9977541719964966
        ],
        [
          -0.6644852702432068,
          0.34342487300859165,
          0.66371581441781,
          2.4802514220600593
        ],
        [
          0.0,
          0.0,
          0.0,
          1.0
        ]
      ]
    },
    {
      "file_path": "./images/024",
      "sharpness": 905.1476621592286,
      "transform_matrix": [
        [
          0.005780635463841473,
          -0.8829024238274494,
          0.4695209200136848,
          1.6363623157961311
        ],
        [
          0.7418590357025122,
          0.31862520926848625,
          0.5900196159174336,
          1.995220074258516
        ],
        [
          -0.6705309503945354,
          0.34490764864737405,
          0.6568309969444138,
          2.4764334989109793
        ],
        [
          0.0,
          0.0,
          0.0,
          1.0
        ]
      ]
    },
    {
      "file_path": "./images/025",
      "sharpness": 873.0850613907327,
      "transform_matrix": [
        [
          0.0010039047068912828,
          -0.8879768324004181,
          0.45988709198313804,
          1.610590798601658
        ],
        [
          0.8088182992639601,
          0.2711614713137799,
          0.5218087918509088,
          2.0279275545842066
        ],
        [
          -0.5880577786068223,
          0.3714412492890135,
          0.7184841316452842,
          2.521260390366377
        ],
        [
          0.0,
          0.0,
          0.0,
          1.0
        ]
      ]
    },
    {
      "file_path": "./images/026",
      "sharpness": 966.9282722072842,
      "transform_matrix": [
        [
          -0.09194528547205663,
          -0.8942033996632921,
          0.4381168161430473,
          1.5948540177710198
        ],
        [
          0.8262779035553307,
          0.17702665764056508,
          0.5347208510830879,
          2.0588980786846083
        ],
        [
          -0.5557075585272757,
          0.411171305655709,
          0.7225837438529085,
          2.5665472279569976
        ],
        [
          0.0,
          0.0,
          0.0,
          1.0
        ]
      ]
    },
    {
      "file_path": "./images/027",
      "sharpness": 927.6845858069133,
      "transform_matrix": [
        [
          -0.17607912273143114,
          -0.8841355137373778,
          0.43278231937513434,
          1.5859402623255276
        ],
        [
          0.846048477579533,
          0.08881343815903325,
          0.5256559205316056,
          2.097010426149019
        ],
        [
          -0.5031879531064517,
          0.4587118557764596,
          0.7323833130937022,
          2.6182461629047804
        ],
        [
          0.0,
          0.0,
          0.0,
          1.0
        ]
      ]
    },
    {
      "file_path": "./images/028",
      "sharpness": 923.6156184251544,
      "transform_matrix": [
        [
          -0.2705716445330738,
          -0.875055669069671,
          0.4013334788937328,
          1.589829851011759
        ],
        [
          0.8206891934826039,
          0.008265357256623461,
          0.5713150895718557,
          2.132477420745432
        ],
        [
          -0.5032496725369993,
          0.4839517124428824,
          0.7159123599955907,
          2.647311255596713
        ],
        [
          0.0,
          0.0,
          0.0,
          1.0
        ]
      ]
    },
    {
      "file_path": "./images/029",
      "sharpness": 774.1390650814509,
      "transform_matrix": [
        [
          -0.28196642956575946,
          -0.859030149692236,
          0.4272729041197443,
          1.589630964724281
        ],
        [
          0.8062207982307565,
          0.029270434236773314,
          0.5908902319229489,
          2.109004637233352
        ],
        [
          -0.520098987821643,
          0.511087510782391,
          0.6843146931555782,
          2.6207192928011707
        ],
        [
          0.0,
          0.0,
          0.0,
          1.0
        ]
      ]
    },
    {
      "file_path": "./images/030",
      "sharpness": 829.1886916108335,
      "transform_matrix": [
        [
          -0.3286264126841781,
          -0.8297452943128784,
          0.45114014178435885,
          1.5644806080046474
        ],
        [
          0.8326534060260979,
          -0.02909077025661661,
          0.5530298658492311,
          2.1280536797449168
        ],
        [
          -0.4457499145846956,
          0.5573835965730881,
          0.7004502409153969,
          2.6610310583431653
        ],
        [
          0.0,
          0.0,
          0.0,
          1.0
        ]
      ]
    },
    {
      "file_path": "./images/031",
      "sharpness": 965.8900081799306,
      "transform_matrix": [
        [
          -0.45740853040203966,
          -0.7762919718745223,
          0.433760545457814,
          1.5449811435867826
        ],
        [
          0.8142161819190877,
          -0.16949207472889777,
          0.5552697053751448,
          2.1678866968302484
        ],
        [
          -0.35753243972267296,
          0.6071599551022209,
          0.7095966062106512,
          2.7460654989570554
        ],
        [
          0.0,
          0.0,
          0.0,
          1.0
        ]
      ]
    },
    {
      "file_path": "./images/032",
      "sharpness": 818.156934399375,
      "transform_matrix": [
        [
          -0.4945958677669302,
          -0.7488360295204037,
          0.4411570338975025,
          1.5341467473470487
        ],
        [
          0.7869911011850629,
          -0.17047990359303045,
          0.5929431752947635,
          2.1457385984467354
        ],
        [
          -0.36880880451071807,
          0.6404539042239242,
          0.6736459473337304,
          2.712630092897461
        ],
        [
          0.0,
          0.0,
          0.0,
          1.0
        ]
      ]
    },
    {
      "file_path": "./images/033",
      "sharpness": 1002.329389972222,
      "transform_matrix": [
        [
          -0.5012633008796769,
          -0.7389867258644114,
          0.45014855577315327,
          1.5221944389603204
        ],
        [
          0.8005392790446517,
          -0.19859507877656454,
          0.5654174187223127,
          2.1435595504164473
        ],
        [
          -0.3284386791133825,
          0.6437846019852445,
          0.6911363254730637,
          2.7265711866749753
        ],
        [
          0.0,
          0.0,
          0.0,
          1.0
        ]
      ]
    },
    {
      "file_path": "./images/034",
      "sharpness": 913.507480831597,
      "transform_matrix": [
        [
          -0.558005928724027,
          -0.706405520230044,
          0.4354545034496773,
          1.5055973600364003
        ],
        [
          0.7962004731922774,
          -0.30786699218776,
          0.5208480792053084,
          2.1633047443063513
        ],
        [
          -0.23386789014017817,
          0.6373453978614249,
          0.7342320163720016,
          2.8098083958213222
        ],
        [
          0.0,
          0.0,
          0.0,
          1.0
        ]
      ]
    },
    {
      "file_path": "./images/035",
      "sharpness": 673.6841197227701,
      "transform_matrix": [
        [
          -0.6746521629155036,
          -0.5895029645848322,
          0.4442192182879699,
          1.4701989909015314
        ],
        [
          0.7134883442266823,
          -0.3665921057512187,
          0.5971135659619183,
          2.1273702397817034
        ],
        [
          -0.18915295868102452,
          0.7197891933123521,
          0.6679256511711612,
          2.8193114097002683
        ],
        [
          0.0,
          0.0,
          0.0,
          1.0
        ]
      ]
    },
    {
      "file_path": "./images/036",
      "sharpness": 773.6141323333333,
      "transform_matrix": [
        [
          -0.7108398335422795,
          -0.5594070116413206,
          0.42634554818053383,
          1.476857280243088
        ],
        [
          0.6989549036836162,
          -0.49413666268896617,
          0.5170019353981583,
          2.1550132431582156
        ],
        [
          -0.07854154136363578,
          0.6655018812639271,
          0.7422522969946608,
          2.9441230050401943
        ],
        [
          0.0,
          0.0,
          0.0,
          1.0
        ]
      ]
    },
    {
      "file_path": "./images/037",
      "sharpness": 752.7571240055478,
      "transform_matrix": [
        [
          -0.7505955115487946,
          -0.5150309134234027,
          0.41394388066295534,
          1.471721129339154
        ],
        [
          0.6564281731179945,
          -0.5095819934877366,
          0.556262748575024,
          2.168132523220333
        ],
        [
          -0.07555416360172858,
          0.6892527476791656,
          0.7205707586757983,
          2.962409931344945
        ],
        [
          0.0,
          0.0,
          0.0,
          1.0
        ]
      ]
    },
    {
      "file_path": "./images/038",
      "sharpness": 778.9883527268443,
      "transform_matrix": [
        [
          -0.7604000393745165,
          -0.5107358755320549,
          0.40117408395980336,
          1.4549211644886249
        ],
        [
          0.6412885324919251,
          -0.49281475531533264,
          0.5881178751237254,
          2.148739668087478
        ],
        [
          -0.10266838984186442,
          0.7044731949773121,
          0.7022654194570517,
          2.914038232595942
        ],
        [
          0.0,
          0.0,
          0.0,
          1.0
        ]
      ]
    },
    {
      "file_path": "./images/039",
      "sharpness": 630.322197977284,
      "transform_matrix": [
        [
          -0.7590822180604678,
          -0.4890010693851811,
          0.4297349653470123,
          1.428593487280312
        ],
        [
          0.6504129872267714,
          -0.5417806853587946,
          0.5323876736186762,
          2.15109968732808
        ],
        [
          -0.02751603767867933,
          0.6836312186856605,
          0.7293087306403756,
          2.9583218656561083
        ],
        [
          0.0,
          0.0,
          0.0,
          1.0
        ]
      ]
    },
    {
      "file_path": "./images/040",
      "sharpness": 812.9765377032098,
      "transform_matrix": [
        [
          -0.8658204509553364,
          -0.3578236038025352,
          0.34973878158779065,
          1.3975464846324135
        ],
        [
          0.4995429448818036,
          -0.6579803963321575,
          0.5634879273450284,
          2.1283645605291355
        ],
        [
          0.02849198126004108,
          0.6625889122554991,
          0.7484411402638177,
          3.0381341854469
        ],
        [
          0.0,
          0.0,
          0.0,
          1.0
        ]
      ]
    },
    {
      "file_path": "./images/041",
      "sharpness": 684.464375015733,
      "transform_matrix": [
        [
          -0.8981960316255742,
          -0.2619156680070673,
          0.35304967313641616,
          1.3848622387727028
        ],
        [
          0.4258562825976406,
          -0.7176468873296582,
          0.5510257450250167,
          2.1102698661770964
        ],
        [
          0.10904272290178318,
          0.6452775588791818,
          0.7561260190395122,
          3.1214922026531737
        ],
        [
          0.0,
          0.0,
          0.0,
          1.0
        ]
      ]
    },
    {
      "file_path": "./images/042",
      "sharpness": 580.9250734143209,
      "transform_matrix": [
        [
          -0.9014513539592559,
          -0.25228785496747613,
          0.3517617016648941,
          1.3690147999339382
        ],
        [
          0.41587107549448676,
          -0.7302847538358007,
          0.5419736403961417,
          2.107885986479973
        ],
        [
          0.12015284052475267,
          0.6348503891344792,
          0.7632354017006061,
          3.118616538523353
        ],
        [
          0.0,
          0.0,
          0.0,
          1.0
        ]
      ]
    },
    {
      "file_path": "./images/043",
      "sharpness": 574.557177873696,
      "transform_matrix": [
        [
          -0.9045782614634659,
          -0.21507681342852053,
          0.3680762601559825,
          1.3137884530064474
        ],
        [
          0.40049686980910887,
          -0.7246034663264775,
          0.5608494217372098,
          2.1041750504705714
        ],
        [
          0.1460836275410439,
          0.6547455849013499,
          0.7415981343666463,
          3.1514073101322895
        ],
        [
          0.0,
          0.0,
          0.0,
          1.0
        ]
      ]
    },
    {
      "file_path": "./images/044",
      "sharpness": 496.57070451061736,
      "transform_matrix": [
        [
          -0.923996856013227,
          -0.1993820446607326,
          0.32630753963374154,
          1.2695068501532196
        ],
        [
          0.3599496605650113,
          -0.7415607599200859,
          0.566148285529579,
          2.0795069260294166
        ],
        [
          0.12909706430839515,
          0.6405735239975788,
          0.7569673100073271,
          3.1268395948491863
        ],
        [
          0.0,
          0.0,
          0.0,
          1.0
        ]
      ]
    },
    {
      "file_path": "./images/045",
      "sharpness": 612.0520012222147,
      "transform_matrix": [
        [
          -0.9457219133601724,
          -0.15387619020638416,
          0.2862379792326508,
          1.270447524019043
        ],
        [
          0.29950230557473095,
          -0.7545455565648439,
          0.5839172647095429,
          2.0548082329988397
        ],
        [
          0.1261286312608594,
          0.637952287548378,
          0.7596765412117881,
          3.125582431721653
        ],
        [
          0.0,
          0.0,
          0.0,
          1.0
        ]
      ]
    },
    {
      "file_path": "./images/046",
      "sharpness": 751.3997417503396,
      "transform_matrix": [
        [
          -0.9510189152980733,
          -0.12497945562488298,
          0.2827422120841389,
          1.2174039991254006
        ],
        [
          0.26869995483039566,
          -0.7864386709338906,
          0.5561605443899115,
          2.0618230702975717
        ],
        [
          0.15285076741046874,
          0.6048920172729338,
          0.7815000258611404,
          3.1571893352540084
        ],
        [
          0.0,
          0.0,
          0.0,
          1.0
        ]
      ]
    },
    {
      "file_path": "./images/047",
      "sharpness": 594.6310423053625,
      "transform_matrix": [
        [
          -0.9688086306718439,
          -0.032961756796760236,
          0.24560814278412257,
          1.1609147024040118
        ],
        [
          0.16385882682881975,
          -0.8287276221204076,
          0.5351269131777444,
          2.0884581070087
        ],
        [
          0.1859035289753292,
          0.558680634127593,
          0.8082795475853396,
          3.2536414171499346
        ],
        [
          0.0,
          0.0,
          0.0,
          1.0
        ]
      ]
    },
    {
      "file_path": "./images/048",
      "sharpness": 676.341936825895,
      "transform_matrix": [
        [
          -0.9824065701227128,
          0.03495912470139779,
          0.1834535108878744,
          1.1359635286948697
        ],
        [
          0.06733104825871984,
          -0.8499573059116619,
          0.522531442183124,
          2.1203671580584027
        ],
        [
          0.17419489372197433,
          0.5256904390912206,
          0.8326498071390646,
          3.3407358106711427
        ],
        [
          0.0,
          0.0,
          0.0,
          1.0
        ]
      ]
    },
    {
      "file_path": "./images/049",
      "sharpness": 493.4404874762653,
      "transform_matrix": [
        [
          -0.9795481346564209,
          0.08236100257204246,
          0.18358136404249273,
          1.0974016744297859
        ],
        [
          0.027523086761921358,
          -0.8489648320172521,
          0.5277321230465492,
          2.0871123351996763
        ],
        [
          0.1993186686294192,
          0.5219917425389334,
          0.829335088571812,
          3.366189677941968
        ],
        [
          0.0,
          0.0,
          0.0,
          1.0
        ]
      ]
    },
    {
      "file_path": "./images/050",
      "sharpness": 491.23705287017754,
      "transform_matrix": [
        [
          -0.9616522267412576,
          0.14826749433422826,
          0.23074172792253703,
          1.041159839833482
        ],
        [
          -0.01061456671194295,
          -0.8607773359626208,
          0.5088710139797851,
          2.0136026106649054
        ],
        [
          0.27406628003867406,
          0.4869077202534792,
          0.8293422370666853,
          3.4980302847815765
        ],
        [
          0.0,
          0.0,
          0.0,
          1.0
        ]
      ]
    },
    {
      "file_path": "./images/051",
      "sharpness": 563.9107999997221,
      "transform_matrix": [
        [
          -0.9570655486176823,
          0.18734138846090495,
          0.22119841748060284,
          1.0517978054412522
        ],
        [
          -0.07187358830235187,
          -0.8926294839681749,
          0.44502448433480335,
          1.9919166756491968
        ],
        [
          0.2808197340446677,
          0.41001927825705725,
          0.8677698246125498,
          3.571702608538011
        ],
        [
          0.0,
          0.0,
          0.0,
          1.0
        ]
      ]
    },
    {
      "file_path": "./images/052",
      "sharpness": 452.119587986389,
      "transform_matrix": [
        [
          -0.9430089317552839,
          0.2620911693408656,
          0.2050423704031524,
          1.1039133666136154
        ],
        [
          -0.151787407814656,
          -0.8871221308268069,
          0.43586111070892347,
          1.9324372089046618
        ],
        [
          0.29613297271773426,
          0.37989807050762653,
          0.8763462321328208,
          3.6416223352559562
        ],
        [
          0.0,
          0.0,
          0.0,
          1.0
        ]
      ]
    },
    {
      "file_path": "./images/053",
      "sharpness": 720.5096388433333,
      "transform_matrix": [
        [
          -0.899362395660138,
          0.3838492599636888,
          0.20930128278401355,
          1.1590683489783247
        ],
        [
          -0.2856538410951418,
          -0.8783189759574124,
          0.3833505700307716,
          1.8512288944821231
        ],
        [
          0.3309821209743975,
          0.2849833716671603,
          0.8995750738809729,
          3.7643361106336592
        ],
        [
          0.0,
          0.0,
          0.0,
          1.0
        ]
      ]
    },
    {
      "file_path": "./images/054",
      "sharpness": 667.8863556146915,
      "transform_matrix": [
        [
          -0.8644374408757209,
          0.44875460466153283,
          0.226643366734068,
          1.2107353817364408
        ],
        [
          -0.3663802357673762,
          -0.8710262756201959,
          0.32722889545462736,
          1.8549511832262324
        ],
        [
          0.344257801233969,
          0.19983125882824734,
          0.9173625424902211,
          3.8851693185759943
        ],
        [
          0.0,
          0.0,
          0.0,
          1.0
        ]
      ]
    },
    {
      "file_path": "./images/055",
      "sharpness": 657.1720155277777,
      "transform_matrix": [
        [
          -0.8569720068100928,
          0.47314520321516046,
          0.20428557534885938,
          1.207156126969791
        ],
        [
          -0.3961601632030491,
          -0.8583264785137931,
          0.3260870763695614,
          1.8175946797379083
        ],
        [
          0.32963025451506434,
          0.19851768936102623,
          0.9230030457146633,
          3.8330289002616746
        ],
        [
          0.0,
          0.0,
          0.0,
          1.0
        ]
      ]
    },
    {
      "file_path": "./images/056",
      "sharpness": 557.983664903673,
      "transform_matrix": [
        [
          -0.8449839442359653,
          0.4980481020417833,
          0.1948081674706078,
          1.1973110495984451
        ],
        [
          -0.4195556170670032,
          -0.843246081727468,
          0.33601953788582417,
          1.7593779839008883
        ],
        [
          0.33162511700109,
          0.20219825355028695,
          0.921488278880789,
          3.7872661750023506
        ],
        [
          0.0,
          0.0,
          0.0,
          1.0
        ]
      ]
    },
    {
      "file_path": "./images/057",
      "sharpness": 600.6865094066359,
      "transform_matrix": [
        [
          -0.7692652917307633,
          0.6105185366501018,
          0.18840920206361872,
          1.2633211250023113
        ],
        [
          -0.5660387411917063,
          -0.7879805733075499,
          0.24225350268307164,
          1.7207909311323801
        ],
        [
          0.2963630450149387,
          0.07971030384926794,
          0.9517432495632331,
          3.8726557073056074
        ],
        [
          0.0,
          0.0,
          0.0,
          1.0
        ]
      ]
    },
    {
      "file_path": "./images/058",
      "sharpness": 684.389932157747,
      "transform_matrix": [
        [
          -0.733104321024731,
          0.6636602024654644,
          0.14870504441886032,
          1.2746123869476398
        ],
        [
          -0.6277101920607198,
          -0.7444077846636133,
          0.22767732631404,
          1.724384550724851
        ],
        [
          0.26179757316251945,
          0.07356755972761954,
          0.962314836693995,
          3.8634637700933436
        ],
        [
          0.0,
          0.0,
          0.0,
          1.0
        ]
      ]
    },
    {
      "file_path": "./images/059",
      "sharpness": 746.4256642343752,
      "transform_matrix": [
        [
          -0.722218013653778,
          0.6727709525483179,
          0.16056271746102202,
          1.2735450849864611
        ],
        [
          -0.6360954834991202,
          -0.7372152379788737,
          0.22780743790749364,
          1.7219540355185687
        ],
        [
          0.2716315089621783,
          0.06239341590580499,
          0.9603766891537856,
          3.872486583587522
        ],
        [
          0.0,
          0.0,
          0.0,
          1.0
        ]
      ]
    },
    {
      "file_path": "./images/060",
      "sharpness": 739.1239214320989,
      "transform_matrix": [
        [
          -0.6767696243417816,
          0.6991541095552567,
          0.2305784177617832,
          1.3339530340327814
        ],
        [
          -0.6651182533767266,
          -0.7149322816879021,
          0.21561433539499586,
          1.6761793129945584
        ],
        [
          0.31559560298885475,
          -0.007440681720111818,
          0.9488646118962877,
          3.9574334026559326
        ],
        [
          0.0,
          0.0,
          0.0,
          1.0
        ]
      ]
    },
    {
      "file_path": "./images/061",
      "sharpness": 754.1412128423999,
      "transform_matrix": [
        [
          -0.6178343503253775,
          0.7399083302259645,
          0.26611346921471696,
          1.4152114904478845
        ],
        [
          -0.7111165265992122,
          -0.6702049867197547,
          0.21245837563073303,
          1.6328409930468621
        ],
        [
          0.33555029605645353,
          -0.057973603430237185,
          0.9402367043469384,
          4.024808823067732
        ],
        [
          0.0,
          0.0,
          0.0,
          1.0
        ]
      ]
    },
    {
      "file_path": "./images/062",
      "sharpness": 710.8853664930554,
      "transform_matrix": [
        [
          -0.5133555620474732,
          0.7986700251741243,
          0.31399404115449997,
          1.5412441671189159
        ],
        [
          -0.8001638827148003,
          -0.5777038376772566,
          0.16123286493128094,
          1.5558384409644683
        ],
        [
          0.31016741887630755,
          -0.16847690312217356,
          0.9356343866390452,
          4.053571770390652
        ],
        [
          0.0,
          0.0,
          0.0,
          1.0
        ]
      ]
    },
    {
      "file_path": "./images/063",
      "sharpness": 971.6524985638814,
      "transform_matrix": [
        [
          -0.4637745900632814,
          0.8444423035298638,
          0.2680118014156486,
          1.5242434533356797
        ],
        [
          -0.8394705891402734,
          -0.5155520328841844,
          0.1717417577634267,
